2 5 11707 13567 3729 10104 726 
2 8 13684 13764 7153 10009 7068 1176 11956 12038 
2 4 10009 7198 6744 875 
2 6 9815 11749 11798 931 9925 13697 
2 3 11798 6954 9891 
2 8 726 13686 3727 3918 918 13693 3874 794 
2 4 794 11756 9839 13697 
2 5 6734 9689 11710 758 3761 
1 4 9813 9840 11838 11697 
2 5 6906 9896 6817 3873 6966 
2 4 3816 11737 7213 9812 
2 3 9812 871 9896 
1 2 6906 3799 
3 6 3816 6878 13763 6903 3902 11852 
2 3 11852 13687 740 
2 5 13763 9857 3933 932 3735 
3 5 9764 6812 13701 6966 13692 
1 7 6766 943 6931 3898 6865 13688 9764 
2 5 11766 3859 11809 9827 9846 
1 5 7041 9703 11684 9700 9872 
2 3 9872 885 11852 
2 7 6756 740 11688 7041 6749 13567 2068 
2 3 726 3920 9872 
2 6 13693 9846 903 3820 3794 3938 
2 4 11766 9785 6993 11870 
2 9 9778 6800 9881 858 13415 13624 3938 13767 11870 
2 5 9839 9917 11820 896 13217 
2 3 875 3871 950 
2 5 1176 4095 950 12081 9778 
1 3 6744 10111 950 
2 6 1176 7196 4065 10109 1093 4098 
2 8 9778 3953 11812 832 3835 11884 9889 4098 
2 4 3835 9903 1093 10024 
1 5 9778 6832 6948 3930 9925 
2 4 6812 6836 13257 3954 
2 7 9764 9797 6836 13691 11793 9813 3816 
1 5 3938 9767 6914 9852 11742 
1 3 3953 13704 858 
2 3 6906 6959 9889 
2 5 794 3845 939 13217 3794 
2 3 1048 13700 7183 
2 4 743 6756 3735 13687 
1 5 7100 1194 10113 13416 13417 
2 4 7069 10023 4139 13241 
2 7 7132 4116 989 1111 4097 11987 7100 
2 6 7132 11923 1013 9964 10869 1145 
2 6 1145 11939 4131 13077 7065 12051 
2 6 11969 7180 1046 1160 7081 12051 
2 3 7180 7162 11921 
2 4 7069 10070 1079 7100 
1 5 4970 12888 10059 9976 12051 
2 4 6734 11673 9817 10523 
2 4 11805 3861 8461 799 
2 6 794 13695 874 845 889 4903 
2 4 743 9710 6777 9737 
2 5 743 11697 11699 3749 6766 
2 3 6766 9723 6960 
2 3 9853 3946 6960 
2 5 9909 13356 3928 911 11834 
2 4 6960 9898 11877 958 
3 5 9737 9717 6775 11702 6766 
3 7 11834 958 11713 762 780 3589 6613 
2 7 6613 3589 6784 764 9745 9738 6780 
2 3 595 3598 620 
1 4 620 9751 9734 6775 
2 8 620 3621 6648 11576 9607 3594 11593 6613 
2 9 3594 9748 769 3754 3751 11709 6962 6960 9898 
3 8 3671 11596 629 11582 595 13828 11565 9737 
2 4 6657 655 3659 3671 
1 5 620 3626 651 669 3671 
3 9 11506 9523 6547 11463 3509 3495 527 9495 11508 
1 6 11616 11465 9510 6536 542 3552 
3 5 3671 6533 512 9725 9523 
2 8 6449 13004 3579 11535 11521 553 3534 3549 
3 5 9523 3549 9578 11563 9434 
2 6 512 6518 9644 667 9609 3594 
3 4 6613 11794 648 3652 
3 5 3652 3669 3506 11491 11506 
2 6 11548 10749 9500 13720 11420 454 
2 4 11506 11518 11549 13011 
2 5 13011 10893 9472 13081 3516 
2 4 11548 3536 13827 11483 
3 3 11483 3576 516 
2 4 485 6569 9534 11506 
2 4 9909 11891 3772 6788 
2 5 6780 11730 9741 771 6788 
3 5 698 678 6529 9503 549 
3 4 9559 11502 3629 549 
3 5 11502 11531 11547 11560 6444 
2 3 6583 9559 5291 
2 4 11506 11518 6949 3506 
2 4 698 6698 9642 817 
2 7 3506 9490 3533 13718 11488 11642 698 
2 3 6560 13281 516 
2 6 516 3516 9444 9418 6583 11531 
3 4 516 13068 9574 11562 
2 3 516 6598 11419 
2 5 7183 7098 9891 13766 875 
1 4 875 879 3810 3930 
3 7 9904 12545 11846 923 9826 819 955 
2 6 967 10564 6926 9794 13944 13943 
2 5 1616 11889 9879 13940 6926 
2 4 6606 782 9924 967 
1 8 967 925 9838 6831 13946 3966 6939 883 
2 3 9741 13307 3780 
3 4 3780 6790 9752 6606 
2 6 3780 969 773 3776 11734 6606 
2 4 3776 603 13935 11584 
2 4 6606 6793 9582 13935 
1 3 6788 3773 6790 
1 5 603 9598 9630 11618 673 
1 4 11618 9633 6678 6680 
1 4 6673 3657 6656 13058 
2 6 6626 13362 628 7809 13058 11584 
2 5 6626 13362 628 9613 6673 
2 4 13364 11735 13363 6626 
2 4 13364 11735 13913 11564 
2 7 6626 599 9627 9596 596 665 9646 
2 4 9646 9648 9679 13754 
2 6 6673 3674 3673 6687 9679 6690 
1 5 673 13722 11634 3675 688 
2 4 688 13723 9650 9679 
2 3 688 13723 9665 
3 8 3703 9665 11651 13754 704 11666 6739 9692 
2 3 9648 6690 11666 
2 3 10009 9979 1090 
1 6 11834 956 3961 9736 3768 6784 
2 4 11616 9867 11613 3671 
2 8 13307 776 11570 9587 3612 13786 11590 6666 
1 3 764 6609 6639 
2 4 6613 9590 6639 6668 
1 5 9609 11611 3655 11631 3671 
2 4 9622 3646 817 3652 
2 7 3516 9536 13721 3402 1115 9561 11506 
3 5 11483 6504 454 9561 11506 
1 3 454 1115 11549 
1 3 3780 607 9600 
2 6 9600 3641 11601 11604 9638 678 
2 6 9638 9620 9622 6666 13785 6668 
2 3 9620 9618 9587 
2 4 6680 11623 663 9638 
2 4 3552 6572 9525 11508 
2 5 13011 6545 9505 5291 11516 
1 3 9472 3560 5291 
2 3 13697 9877 3926 
1 5 11852 13690 884 857 3859 
2 6 13695 9770 938 6818 3798 799 
2 4 11921 10026 7005 11957 
1 4 11935 1037 4129 7162 
1 3 7162 10091 11969 
2 4 11969 9994 4163 1160 
2 4 1201 4206 13299 4161 
2 2 4206 1086 
2 4 1201 13300 11919 792 
1 6 11976 4017 10089 7151 7170 13967 
2 3 1201 7107 1065 
2 7 12387 12416 11871 9823 9893 13966 12473 
1 5 10106 1600 3795 12046 2097 
1 5 10106 3916 8123 10793 2097 
2 5 2097 7994 2004 12726 2089 
2 3 11746 806 13966 
2 8 758 6955 11692 13769 11677 11840 11843 13686 
1 3 7183 13765 9815 
2 4 7213 948 813 11766 
3 4 13692 3954 13259 3816 
2 4 9872 4024 11825 9846 
2 4 6818 6996 11885 844 
2 4 9925 6902 3886 3926 
2 3 11805 924 8461 
2 5 9764 854 13689 9824 9853 
2 3 9846 9800 939 
2 5 3652 680 11488 11516 3629 
2 2 813 3816 
2 3 3926 844 924 
1 2 9846 3874 
1 5 8124 13209 13247 13604 5010 
1 4 11007 2194 2152 13772 
1 2 2195 13211 
2 6 3696 11644 699 6716 684 9660 
2 4 6703 701 3683 11627 
3 6 9660 11663 9676 6720 3700 11666 
2 5 9660 716 3731 6751 6573 
2 3 6682 9656 11644 
1 2 4948 12710 
1 6 4948 13683 13666 2100 2012 10829 
1 3 1909 13664 8008 
1 2 7959 13661 
1 2 8006 13660 
1 5 10803 8122 8065 7983 8071 
1 2 1951 12843 
1 5 10919 13654 12874 12762 2056 
1 2 5036 13633 
1 3 5036 13638 9137 
1 2 5139 10948 
1 2 12975 8193 
1 2 12975 13643 
1 4 2115 10968 12925 5117 
1 2 8248 12981 
1 8 12958 13612 13613 13609 1968 4515 191 13558 
1 3 12985 8138 12391 
1 2 8138 13612 
1 2 5158 10966 
1 3 13569 10957 4879 
1 4 13620 7605 13572 5189 
1 3 13620 4879 2207 
1 3 5154 13619 5189 
1 3 13563 13554 4851 
2 5 13552 4851 13592 12963 8214 
1 7 13556 10929 13557 13552 2151 13551 5177 
1 3 5177 13546 8245 
1 4 2120 13543 13553 10929 
1 4 12908 13540 12971 2120 
1 3 13563 7872 5199 
1 5 5199 13558 13530 13528 13506 
1 6 13506 10988 13526 13503 8205 2196 
1 6 2196 8205 5224 13502 13501 13520 
1 5 13503 12911 13498 13497 8144 
1 8 5210 13520 5196 1939 13519 10860 13518 12929 
1 2 7088 12989 
1 4 2123 13537 13536 10972 
1 5 7716 2024 13605 1516 4515 
1 8 5189 5203 1509 13586 13618 5231 13582 13581 
1 3 12589 13575 10415 
2 9 12589 13575 12692 4822 13580 5231 13587 10668 8214 
1 4 13582 4584 13579 13578 
1 6 8245 10566 13585 1688 5106 13588 
2 3 4696 13578 4822 
1 3 8178 1468 7576 
1 2 4696 1833 
1 3 12064 1494 2171 
1 2 13584 13588 
1 3 10400 2171 7900 
1 3 12742 10862 12785 
3 5 5231 13617 12064 10400 13588 
2 10 12473 7140 1056 13962 4550 4111 1074 13969 13967 1065 
2 2 12049 4073 
1 5 4161 11979 13445 1155 12049 
3 4 4076 7164 3996 4055 
2 3 4073 12004 4055 
2 4 7164 10073 7011 12004 
1 2 11964 10073 
1 8 4076 4145 1071 11910 10061 11967 13474 7079 
3 12 4055 1068 10031 7144 11974 12044 1151 12071 1064 11999 13451 10844 
1 2 7011 3996 
2 10 11831 3983 6877 9811 11792 869 9830 961 11810 11746 
2 6 11831 3786 3851 11811 13847 11829 
2 5 6912 11778 9921 928 4112 
2 6 3983 6945 11796 3927 6992 4112 
1 7 4112 7130 10038 9929 10041 11907 784 
1 4 11853 6991 10472 12441 
1 6 4755 13322 6997 12320 3564 12441 
1 7 4755 1896 12793 2071 4553 7969 2000 
2 8 7661 1536 4614 4477 11645 11674 13856 1599 
2 11 7661 7495 4458 7624 4463 3668 3682 683 13848 6702 6733 
2 7 11617 11599 772 13857 3658 6671 1599 
2 7 949 3908 3937 6923 893 9862 13843 
2 5 9902 9888 13752 6952 6923 
2 5 9783 649 9769 9612 6658 
3 5 9833 13846 6895 3893 13843 
2 5 11831 856 981 11898 9921 
2 6 11831 3951 6808 9806 11784 11747 
1 4 11747 9844 6920 11883 
2 12 11747 804 11844 3807 3870 921 6977 9777 3903 3935 9915 11881 
1 5 9860 7620 9912 6813 3889 
2 4 2046 13462 13459 12725 
2 10 10844 8105 10745 10902 7989 2046 13464 12881 12806 1914 
3 3 11007 8238 8187 
2 4 12364 1555 4573 7621 
2 5 12364 10402 12394 12409 1639 
2 3 1568 12394 10418 
1 4 1639 13215 12494 10935 
3 3 12364 12351 13269 
2 3 13269 10985 10975 
2 4 13269 5163 13000 8255 
1 5 8216 13273 10965 10944 5229 
3 7 12970 5184 8208 7500 10390 10402 12364 
1 4 5121 12984 13225 8222 
1 10 650 5191 13226 8194 5228 11000 5171 12994 8217 13227 
1 5 5230 8157 5179 10987 5229 
1 4 13227 10952 12930 5179 
1 3 5230 13195 13228 
1 2 2210 2182 
2 4 8252 5051 12798 8047 
1 8 7622 10498 7451 10374 4476 7546 12347 1550 
2 4 10362 12496 1613 1626 
2 13 1626 4604 4589 1598 7581 1542 1529 5156 8239 13809 11008 10947 10513 
2 2 5112 10513 
2 4 10513 10432 5172 10980 
2 5 10980 8190 12996 2153 10999 
1 4 8143 10946 8184 10392 
1 11 7602 10385 10768 2000 10837 1982 2065 5050 1922 7953 5005 
2 10 11818 10163 3844 6930 13729 3864 976 1109 13302 4109 
1 4 3882 13327 3833 3526 
1 3 3882 9874 6940 
2 3 3882 11857 11887 
2 3 949 11868 11887 
1 3 11887 9756 11657 
2 5 11887 9602 6998 11583 11586 
2 2 13330 3924 
2 6 13330 3974 984 6611 3601 11564 
3 5 6611 3592 11581 9611 3670 
2 4 3670 682 6703 9660 
2 5 9611 11594 13212 3627 6647 
2 7 3617 619 6647 13332 9595 624 11581 
2 3 6670 3623 619 
2 3 3617 11787 9606 
2 3 11586 11580 3617 
2 3 11581 3654 9596 
1 2 9595 6619 
1 2 9588 6619 
1 4 3974 3985 6983 9588 
1 7 13210 6889 9894 13328 11872 11899 982 
1 4 6647 11574 6799 11899 
1 5 982 3956 3939 6970 6998 
1 3 6983 11572 6799 
2 3 6611 3596 624 
1 4 11580 3609 9599 3956 
2 3 6647 11577 11580 
3 2 6720 9692 
2 8 9692 3716 11679 11522 3537 555 9537 6751 
2 5 6573 3550 581 11554 9551 
1 5 6571 3548 3684 6586 6573 
2 4 3696 713 746 3548 
2 5 713 11659 730 3713 3731 
2 8 9617 3636 3639 637 6652 11657 11592 9606 
2 4 9617 674 6677 9635 
2 4 723 13333 3707 11686 
1 3 12441 11609 1599 
2 4 10106 10804 1549 12387 
2 3 9893 3889 806 
1 3 8113 13236 10855 
1 2 12772 2052 
2 6 8003 10916 10830 12745 8097 10740 
2 6 5021 2083 12721 12835 7973 8003 
2 7 8003 10853 12804 10172 2008 2011 1965 
1 3 5021 4956 10172 
2 4 5021 8079 7913 1965 
1 2 2051 13089 
2 13 2008 5052 13089 12746 12873 10895 8057 1945 4977 4908 10765 8012 3834 
3 7 5061 6987 12782 1927 5022 10861 10778 
2 6 7552 4535 4507 12313 1500 10337 
2 6 7552 4535 1643 1528 12401 6968 
2 4 9920 3960 10778 6968 
1 14 2042 12782 2019 12728 5038 10894 10740 12791 5044 7920 3834 853 1793 12765 
1 8 10740 3867 8070 4975 12552 9792 868 7684 
2 4 12440 12468 10502 12496 
1 3 4457 10362 12336 
3 6 12964 8187 10943 12453 10515 12364 
1 2 11001 10965 
1 3 10975 11022 12978 
2 4 10975 8255 5143 8216 
1 2 12379 1555 
2 5 1639 4643 4602 1568 1555 
2 4 1639 1596 7550 8208 
1 2 13269 7500 
2 3 7550 10375 7500 
2 5 12964 5213 2172 13270 5163 
1 2 1449 10515 
2 5 5163 13271 8169 2208 5143 
1 3 12970 8215 10992 
1 3 8222 650 10992 
1 3 12306 12321 12494 
1 4 8215 11021 5219 7550 
1 2 10992 10964 
1 3 11022 2158 10964 
3 4 12351 10390 10418 1596 
2 2 10418 10375 
2 6 3314 68 391 13830 3262 11419 
3 4 13283 11456 13830 9498 
3 4 9363 6241 391 3211 
3 3 6469 3444 13283 
3 3 9363 3512 6469 
2 3 6336 9335 11318 
1 3 10665 5181 5187 
1 2 5181 12645 
2 5 1814 7826 1801 10609 4748 
2 9 1814 4804 7692 1786 1746 1713 7887 1565 4543 
1 3 12604 12617 7692 
1 3 12604 7783 1786 
1 2 1746 4718 
1 3 12664 4718 10710 
2 3 4543 10373 10334 
2 6 8241 2211 2203 5195 2197 7839 
1 3 8204 8212 2197 
2 19 7798 4776 12932 12924 12910 10925 5225 8186 10927 8165 5197 12948 2191 10969 8200 10949 10983 2157 1652 
2 14 7564 10445 10458 1611 7450 7520 12406 12435 10682 10455 1667 7755 12576 7798 
1 3 12906 2205 5225 
2 6 1511 1540 4630 1652 8228 7453 
1 3 8130 5175 2157 
1 3 1498 7579 1540 
1 3 5175 1526 10949 
1 3 7579 7608 10983 
2 5 12924 1773 4791 7811 7798 
2 2 12435 7859 
2 11 7564 7535 7522 4481 12308 7651 10475 10487 10460 4560 7566 
2 4 7566 12382 8230 5206 
2 5 7651 7666 4632 5198 12949 
1 3 7522 4502 12308 
2 7 7564 10430 4530 4546 5227 2116 10941 
2 7 10430 12451 10500 4658 4478 1537 12406 
1 4 7798 1759 10637 10622 
1 3 8230 10936 12949 
1 2 2116 10977 
1 2 4478 4453 
1 4 10455 4836 12377 7533 
1 2 10925 5211 
1 3 1773 12932 2155 
1 4 12910 12918 2130 2155 
1 11 12253 1415 10165 7323 10265 1221 12236 10306 1372 12279 4228 
1 5 4361 4320 1313 1274 10150 
1 3 12268 10322 1274 
1 6 7658 10509 1648 4652 7673 12302 
1 2 10354 10382 
2 3 12299 4424 7427 
2 8 12144 1291 7342 1364 1376 10297 4412 7427 
1 5 4412 12255 13199 10227 7329 
2 3 12835 10769 5015 
3 3 12835 2060 5061 
2 3 12835 10746 12811 
1 5 7973 10738 1952 4956 2008 
1 4 10916 12850 10800 10746 
2 6 12753 8236 10889 12810 8089 1965 
1 3 8089 10773 12712 
1 2 12715 4904 
2 7 5015 12369 6785 2042 4884 12410 10337 
1 3 12745 2037 10894 
2 6 10894 4955 8064 12875 7981 3960 
1 3 8064 12728 12811 
1 2 5061 6785 
1 2 10853 7921 
1 4 5066 4887 12755 1965 
2 9 10279 7381 12249 1386 7223 12277 12293 10491 4608 
1 4 7654 12472 10479 4608 
2 6 12293 10135 7642 4434 7421 12249 
1 4 7381 4406 1425 7421 
1 3 10135 1209 10479 
1 2 3630 6652 
2 6 11588 637 11605 6679 3665 11622 
2 3 3639 818 9610 
2 2 3663 660 
2 10 9617 3663 9651 11652 9701 6747 3741 744 6584 577 
2 8 6584 11534 9716 723 6729 6706 11636 9651 
1 3 3741 9716 565 
1 2 11636 6677 
2 6 711 13334 11672 11655 9701 6706 
2 5 9262 6314 3288 13909 348 
2 6 6296 6360 6229 9483 3354 9262 
3 3 6296 3272 11312 
3 4 11312 3384 395 6332 
2 3 6296 327 3320 
2 7 3393 13743 9274 3320 9295 11342 11358 
2 14 9262 3319 11246 13311 6342 13910 9340 13911 9240 10493 11302 3298 319 13312 
1 4 310 341 222 13312 
2 7 3219 6459 310 7482 11222 10323 13911 
2 2 10493 3388 
1 7 11259 9275 341 7482 3255 265 6342 
2 4 11202 6324 3310 13312 
2 8 11818 3526 6990 9791 13736 11774 11905 13843 
1 3 3973 13729 11786 
1 7 11965 1173 4193 7211 7096 3988 4109 
1 4 974 9837 966 3844 
2 4 9769 6842 3819 3796 
2 2 9610 6842 
3 5 11562 9522 587 6570 6469 
1 2 12917 12939 
1 2 2228 12933 
2 4 10933 2227 5168 10939 
1 2 5168 10967 
1 4 10946 4617 8242 8227 
2 7 10980 12334 2185 8210 2167 13816 8140 
1 4 12334 8148 7476 12923 
2 2 8239 8181 
2 2 5156 4533 
2 2 1542 4548 
1 3 8148 7589 2153 
1 3 7476 12938 10931 
1 4 5107 8179 2164 7561 
1 2 8184 4617 
2 13 7236 4371 1337 1394 12201 1281 1308 4388 12220 12122 1427 13995 7408 
1 8 7531 12345 10398 10411 12173 10221 13992 7408 
1 3 10438 12195 10221 
2 6 10162 1285 12204 10232 12232 4401 
1 2 1285 7271 
1 5 4075 1185 11936 10016 4397 
1 3 1302 4379 10309 
1 2 4401 1396 
1 7 4075 12048 7015 9948 4121 1469 7137 
1 6 4119 4075 12048 1073 12008 1114 
1 3 1114 4501 7446 
1 2 1394 1366 
1 2 7236 12144 
1 3 7408 7225 12224 
1 3 12753 13324 10886 
2 3 6287 6393 3260 
2 3 3374 3325 3277 
2 7 394 6235 13745 6364 3277 11251 11366 
1 4 6336 13284 6286 6241 
2 2 13770 68 
3 4 6583 11435 11470 11494 
1 3 13617 4556 1468 
1 2 2038 13663 
1 4 7236 12131 1279 7329 
2 5 12068 1091 11959 7214 7186 
1 4 1047 12095 10080 12014 
4 10 11771 6951 11815 9835 6837 11886 3900 1052 12043 10068 
3 3 9843 11761 10068 
4 8 7125 7221 7204 11977 13340 1081 4086 4056 
2 3 11977 4126 10110 
4 10 7125 13347 12040 11915 10065 4052 9790 912 11835 6981 
2 5 7125 9981 848 6928 3981 
1 8 3981 3852 6922 959 6822 898 6944 9897 
3 6 11771 9885 3895 3839 3970 6981 
4 8 11771 987 9781 11764 964 3783 6851 1150 
1 5 6891 9772 11824 11874 11773 
3 16 6380 3259 344 9256 6245 333 11315 2999 187 9111 6086 6035 3072 79 149 3151 
2 14 6380 6414 9348 9282 11268 11379 11248 11294 9273 9245 9367 6369 6317 413 
2 11 413 3527 11475 11412 6591 3540 3519 9488 11450 11434 9417 
1 3 3734 3760 11668 
1 7 9753 11706 6758 3726 6748 6730 683 
2 9 9753 6620 11429 9455 6486 6516 520 11474 3529 
2 10 6380 3391 3327 401 335 11254 9272 6387 3362 306 
2 8 306 11290 11220 3331 11322 294 13907 11370 
2 8 6414 6348 3263 11300 11235 11284 6252 3335 
2 13 2996 11107 11213 11189 9207 81 11083 3163 9107 172 3140 11174 70 
1 10 3189 9195 94 6021 11175 155 11092 3033 9118 11159 
1 9 3189 86 3008 9162 3121 6181 9201 11117 3134 
1 7 12014 11918 7159 7502 12483 7097 9999 
1 10 9999 4631 4619 7167 10462 12426 10434 7540 4066 9958 
1 8 9958 1004 11931 6932 12713 7301 1976 2006 
2 6 9958 7656 7085 13795 7025 12055 
2 6 9958 1139 4144 1169 1188 4190 
2 5 4190 7109 12026 13972 9843 
1 9 4190 4093 12078 12344 4174 1531 1034 1575 6932 
1 4 4174 12300 10507 12432 
1 7 2087 4525 10424 7631 12432 10480 1590 
1 4 1590 6904 13974 9843 
2 6 1069 12045 4071 7089 10000 13793 
2 10 10068 9969 11996 11980 7189 1069 4037 12015 9956 12055 
2 7 13797 10008 7094 11916 1161 1121 12055 
2 8 7014 12052 10076 7120 11982 11913 13796 13797 
2 4 7191 4042 12076 7014 
1 2 1628 3992 
2 2 6851 6918 
3 5 10433 9782 7591 10376 3791 
3 5 11771 846 916 4642 4572 
2 5 4572 7663 9913 9928 3947 
2 7 6951 6893 11836 1638 1499 930 4642 
1 5 930 4633 4561 12485 13150 
1 2 4561 1627 
3 5 10433 7582 4506 1588 13150 
1 4 9835 934 11855 7633 
1 14 7191 11991 12059 11920 9944 7007 7054 4038 3992 7653 10501 12495 13143 12483 
2 3 1047 7108 10062 
1 6 7265 1409 12247 10246 12164 7436 
1 8 7391 12275 7363 8067 10808 4420 7436 10278 
1 3 1238 7288 1409 
1 5 10278 12180 10152 1430 4321 
1 4 10756 5032 4278 12105 
1 5 10756 12779 7310 1344 7436 
1 3 7260 7344 10201 
1 10 4237 10255 10001 11978 12462 10116 10060 4104 4062 4245 
1 2 10116 10088 
1 8 4245 12050 7124 4616 10443 13369 12338 4435 
1 6 12322 1525 12366 1497 10389 13369 
1 11 13369 7565 7475 10361 1541 7334 7064 1983 4299 1377 12137 
2 6 10361 4516 1569 12786 5055 12137 
1 3 12786 9973 4299 
2 5 7177 10311 7430 10030 4883 
2 8 1349 7119 4072 7177 10872 4950 12799 10801 
2 3 4883 4950 2105 
1 5 8087 11950 5019 7619 10030 
2 5 1349 7013 4187 11993 11952 
2 9 11952 1103 12092 4149 1908 2054 2086 2002 2032 
1 3 7177 10019 4187 
2 7 1569 4571 1637 12452 4644 4204 4245 
1 4 12182 10210 12295 12105 
1 3 4278 7411 1359 
1 6 8087 10324 12226 5063 7060 4072 
1 3 12182 1405 7060 
1 6 10807 4915 7905 4971 1199 12743 
1 2 7905 1908 
2 4 3456 10108 7049 10735 
2 7 10108 4110 7084 1971 10898 10843 10772 
2 2 10735 1971 
1 6 4149 4984 12718 12876 12041 2002 
2 4 4110 1980 12886 4149 
2 5 5086 10794 11955 12868 2002 
1 2 4915 2054 
1 4 4616 11929 11968 12010 
1 4 11968 1075 7634 10514 
1 8 1330 12127 1417 12256 13366 12449 12404 1492 
1 5 1492 10386 12492 12464 1082 
1 3 1492 1566 1170 
1 4 1330 10154 10283 10344 
1 2 12127 4336 
2 4 221 11374 11333 6103 
1 2 540 6526 
3 2 10807 13782 
1 2 10149 7436 
1 2 13252 7013 
1 4 7669 1431 12104 1454 
1 2 7859 12560 
1 4 7566 12367 4520 7538 
1 6 9885 3849 887 3913 1567 7663 
1 3 3791 11893 3947 
1 2 4572 1567 
2 5 3947 6964 944 9897 3944 
3 3 3791 11906 6811 
3 4 13150 4876 4859 4719 
3 4 6838 3843 2877 957 
3 8 6838 3787 6684 664 6686 11643 10466 12189 
1 4 2900 4592 7526 10433 
3 3 4719 4677 12641 
3 2 11815 11764 
1 2 887 916 
3 8 7763 4725 10655 7801 12678 7672 4805 12189 
1 2 1588 2900 
3 9 12641 10574 12556 4832 12543 7851 10678 12657 7763 
1 2 7763 7832 
1 2 7851 7848 
1 2 12657 10675 
3 4 4572 11744 7523 10433 
1 2 848 11958 
1 3 11915 1003 13335 
1 2 13347 13335 
1 2 4126 12085 
1 3 7204 1100 13343 
1 3 7204 11992 7175 
1 2 11977 7175 
2 3 1025 7110 9950 
2 6 7110 4164 11925 12006 1183 4102 
1 3 12006 11949 4102 
1 2 11949 12032 
2 6 11949 1020 7178 10092 4027 1025 
1 3 4179 4094 9965 
1 2 7197 4094 
2 7 11985 10052 1092 11946 7212 12031 7072 
2 8 10052 7050 1191 7145 1167 10055 9985 1136 
1 2 9985 12031 
2 2 1136 7072 
3 4 10125 4142 11960 7072 
2 5 998 10032 7102 1067 1136 
2 2 1067 4142 
2 2 1117 12007 
3 6 10125 12097 7087 7157 9998 1182 
2 6 10125 4069 10100 10015 10128 12007 
1 3 10015 12072 9998 
1 5 1182 13341 1097 11908 10015 
2 3 1067 4172 10125 
2 5 13341 993 1113 4122 1024 
2 7 1182 4188 4100 7016 4118 1024 7169 
1 2 4188 4184 
1 3 1117 4122 4118 
2 6 1117 11930 4067 1063 9865 6994 
2 5 7169 12056 3848 11847 6994 
1 2 6994 9859 
1 2 7169 4067 
1 3 1024 4153 4067 
2 5 3962 7532 10444 10512 12421 
1 3 12421 7595 1512 
1 4 4576 1642 4646 7595 
1 2 12421 1642 
1 2 12421 12352 
1 3 10032 13342 12007 
1 3 12007 11989 11908 
2 3 12055 7200 1029 
2 8 4797 12540 10661 10549 1813 1876 12621 12691 
2 13 12691 10639 10712 7886 12631 7757 4866 7274 7825 1860 1733 12679 10696 
2 12 10696 4700 12652 10600 3472 7774 7846 4824 10189 1543 9553 1821 
2 17 1821 10133 7320 3280 361 10314 10286 1380 206 7403 6278 6388 3300 3251 9336 260 6338 
2 9 6338 11243 11356 9373 6253 6374 3352 11277 11344 
2 11 11344 9407 6410 6362 3339 214 11217 9235 3290 301 6380 
2 2 9975 11952 
1 4 4090 10118 1144 1103 
1 2 10118 12037 
1 3 4321 1228 4237 
1 2 6393 3305 
1 5 6235 3206 399 13744 332 
1 3 399 3341 6364 
2 4 407 3274 311 3301 
1 8 310 11358 9246 9438 9357 6229 3337 13909 
1 3 9438 11498 9295 
1 2 1144 7207 
1 2 11993 7150 
1 2 8011 10808 
1 5 12180 1344 4420 1268 12164 
1 5 13304 1381 4416 12247 7363 
1 3 7391 10190 7244 
1 6 10756 10259 5104 1359 8037 12182 
1 4 1349 10270 12182 12142 
1 7 5104 8087 4472 1275 4280 1228 7297 
1 4 10756 10296 4365 1228 
1 5 4516 4544 7593 4644 1444 
1 8 8120 7497 9946 1538 10358 1444 7220 4062 
1 2 10801 8120 
1 4 12799 12854 4557 7619 
1 5 4883 4557 12420 10401 8120 
1 5 10401 7574 1579 7372 10001 
1 2 4062 4204 
1 4 10801 7938 5040 5055 
2 2 10872 12080 
2 4 12080 2105 11995 4953 
2 5 10801 4953 8068 2036 10807 
1 5 4953 1949 10816 2092 4971 
1 4 8068 5096 4045 12137 
1 2 4045 5040 
1 3 12137 13370 2036 
3 3 12137 5086 10807 
1 4 12080 12743 7165 11952 
2 3 10756 4414 8011 
1 4 8011 4344 10208 4278 
1 4 4344 4315 12146 8011 
1 6 10735 8098 7847 8044 8013 5075 
1 7 10772 12005 10887 4979 10173 4998 12717 
3 3 6838 810 6811 
2 8 12641 7751 10658 7835 10528 4837 1762 4797 
2 2 13774 11291 
2 5 11057 9079 13775 308 9501 
2 6 234 11057 13778 435 6099 9221 
2 3 3388 6408 9221 
1 4 9221 592 415 11202 
1 4 6408 13309 3298 11222 
1 2 13774 6381 
1 3 83 13776 3074 
1 3 3152 567 13777 
1 5 13775 6381 3074 13779 3152 
2 3 3152 13780 234 
2 5 234 11127 11443 4640 13781 
2 2 2054 13782 
2 4 10887 9084 8007 10843 
1 4 10139 8007 10066 10772 
1 3 10139 8106 10173 
1 3 9084 8106 4979 
2 3 12868 2032 10772 
2 2 13782 12868 
1 3 10772 10729 12868 
1 6 11955 5002 9951 1377 12777 12786 
1 4 10807 10794 9951 8114 
1 3 5040 13368 1569 
1 3 4516 10751 9973 
1 2 4202 12449 
1 2 12105 1273 
1 2 7344 1213 
1 2 10066 12005 
1 5 970 9869 6933 9765 6880 
1 3 924 11768 9869 
2 4 3798 6924 4903 10523 
1 3 3892 6941 845 
1 3 11677 13768 6734 
1 6 726 6746 11684 738 13703 740 
1 3 10104 2068 13685 
1 5 875 12033 1178 13699 13700 
1 3 11991 1096 7058 
2 5 11370 277 6340 13986 3320 
1 3 9295 11391 9341 
1 8 3556 11285 11341 9304 9359 13987 6413 3320 
1 5 3556 215 3203 6319 9288 
1 4 3556 560 6415 11528 
2 8 11370 9236 9304 3309 6306 11247 11528 3392 
2 4 3392 13760 347 13762 
2 3 13762 11357 11386 
1 4 13760 13761 3281 3366 
2 5 9304 6359 3281 13908 13762 
2 4 11386 266 9398 6332 
1 4 318 400 3254 6281 
1 5 3556 6579 535 6520 11543 
2 7 3392 6546 3412 474 6435 11543 3511 
1 8 3559 11399 9452 11441 3412 9520 11503 535 
2 4 3483 12711 572 6435 
2 4 3412 422 9454 9558 
1 3 474 513 9454 
2 4 462 438 3483 9558 
2 4 9558 491 11411 9425 
2 4 577 11550 11411 6483 
2 4 9558 11479 6483 6460 
1 3 6483 491 438 
2 3 11479 9468 6431 
2 7 6604 466 3434 9468 13757 6522 6499 
2 3 9558 536 9468 
2 8 3544 524 402 290 11301 13762 318 3393 
2 5 3544 12562 3521 9544 13760 
1 7 3559 3521 402 11385 11274 9316 6375 
2 4 13213 3256 11430 6416 
2 8 3559 3458 6511 3544 6259 6321 6347 3351 
2 3 6416 467 3544 
2 4 6499 442 11413 9427 
3 2 13213 13749 
3 4 9427 13213 6464 11467 
2 4 3559 9521 11507 6522 
2 5 9508 3482 6416 562 6499 
2 3 6522 3410 417 
1 3 11411 11427 438 
1 2 9274 6281 
1 7 3663 11619 690 3676 11639 676 3694 
1 5 6652 3645 6667 9619 11622 
2 4 713 6735 3730 11520 
1 4 713 9687 11676 6731 
2 6 6682 9640 11622 3694 9672 11676 
2 5 3696 3709 6711 6714 9672 
1 5 690 9668 711 9685 9672 
1 3 9606 646 6682 
2 5 818 3796 3952 3971 949 
1 2 949 935 
2 2 13752 9862 
2 2 6952 3819 
1 3 3971 965 9771 
1 3 9627 3631 9613 
1 3 3673 11612 9596 
1 2 3675 3674 
1 3 11651 732 543 
2 3 9648 11630 11627 
1 2 11663 11679 
2 3 11610 3680 6703 
2 5 6670 9643 11610 9624 13212 
2 3 11787 6643 6700 
2 2 6700 684 
1 3 11644 11646 6700 
2 5 6670 11625 9660 9690 6561 
2 4 6604 6586 3565 11520 
2 3 11539 3537 6561 
2 3 699 730 3730 
1 4 6431 11536 11691 3684 
1 3 9783 11597 657 
1 3 657 9635 687 
2 9 462 6429 476 13206 9435 9576 754 741 11670 
1 3 414 6455 13206 
1 8 577 3407 414 6600 565 3707 9683 3724 
1 3 9576 13320 6600 
1 9 504 550 11514 3570 3511 3457 6429 3430 3407 
1 7 438 6557 6509 3511 3470 13906 11477 
2 3 11539 9551 9567 
3 6 9412 9567 6590 6562 9414 557 
3 4 6590 9457 9511 6462 
2 4 9551 3484 541 9692 
1 2 421 6485 
3 4 11542 9429 583 421 
3 4 6470 3585 6440 11542 
2 7 6470 424 6418 6592 9541 543 6552 
3 3 11666 9527 6552 
2 6 7857 6592 9569 11556 494 583 
3 2 6418 9421 
3 4 11542 469 3418 3585 
1 2 11542 11401 
3 5 9527 11525 569 11556 9429 
3 3 9569 9421 11542 
1 2 5283 9541 
2 2 6573 3581 
2 3 3581 417 442 
3 3 13214 506 11467 
3 2 13213 506 
3 5 13213 13214 584 11428 9508 
3 3 6464 9412 13749 
2 4 3670 3683 686 9661 
1 3 9643 9608 6647 
1 8 12161 1573 7639 756 12239 10205 1384 12218 
1 9 4958 7560 10357 7491 12333 10510 10359 7563 7477 
1 13 2058 10488 13822 10187 11687 12471 7775 1623 12161 9605 7924 10414 10357 
1 16 7341 4394 1429 1314 4227 7354 7600 7657 12329 7597 12397 4686 10148 10601 1459 10187 
1 6 12594 11410 1794 1297 4734 7274 
1 2 1297 4803 
1 12 12594 10584 10653 1668 10680 10550 7795 10146 12583 7706 12640 4686 
1 3 7789 4789 12631 
2 22 10696 1709 7800 4780 12521 1294 1775 1292 1327 9292 1233 10329 10142 12117 1278 273 3289 12172 227 11256 11377 11225 
2 13 7341 4294 1254 4322 3563 12128 10299 6379 3330 3357 393 11348 11225 
2 25 11225 6275 6226 3246 3196 257 11240 11269 9258 6248 6291 9324 6329 275 11258 314 9273 6279 9313 6315 6262 11347 3236 246 11235 
2 10 3578 3426 9460 6492 3304 313 340 11296 11323 9367 
2 8 6516 3503 9530 3517 11395 11460 11523 3578 
1 10 11460 6601 3490 6574 9549 11537 9526 11510 3502 3563 
1 6 7800 10568 1309 10633 1375 4333 
1 3 10712 10580 10649 
1 3 3944 11879 3843 
2 9 11171 3130 9130 6166 9202 9110 11095 2996 9168 
1 6 186 3102 11025 9114 6171 9214 
2 12 361 11228 7375 11352 7346 12203 9293 370 3027 3139 272 6124 
2 12 2996 11143 3099 9043 6119 11035 23 9180 3167 6089 9214 6124 
2 6 6380 6283 9278 6356 252 121 
2 6 121 9122 11099 2 9168 11143 
2 3 11686 13317 741 
1 4 1583 11003 13807 12972 
2 7 10947 12972 13808 10994 2181 10959 13811 
1 3 2185 12479 10513 
2 5 10513 10360 13805 13806 13815 
1 2 13809 11003 
1 2 2185 8148 
2 3 12440 4575 1585 
2 5 12496 1654 12481 1641 7638 
2 3 4575 4589 7638 
2 4 10447 7594 1598 1585 
2 4 13808 5186 13805 12438 
1 2 13806 7636 
1 3 2152 13274 12901 
1 2 12468 12453 
3 2 11666 9661 
3 7 3703 9681 9515 3299 571 586 6470 
1 3 9681 532 5283 
1 3 9515 3541 7857 
3 13 688 707 9652 692 3705 708 11499 9517 13740 3530 6568 589 6444 
3 3 9515 6725 692 
2 3 692 11620 673 
1 5 663 6934 694 13836 9517 
3 7 6444 13739 11494 3547 587 6469 6622 
3 3 6568 3558 549 
3 7 6444 3397 6594 11417 9572 11544 571 
3 3 11544 9416 586 
2 5 11544 11529 6555 13835 9517 
3 10 9347 6325 6263 6377 11493 6513 9524 6549 6488 6444 
2 3 6377 3271 3326 
2 7 6377 3395 405 9509 6535 495 6622 
1 3 9281 11264 11360 
1 3 6286 9403 9281 
1 5 495 9443 11431 564 9524 
2 5 3535 538 6524 3500 9524 
3 5 586 11404 13829 9497 3535 
3 7 6377 526 9375 3522 6501 3499 6521 
3 4 3535 11545 9560 6501 
2 9 6521 375 11219 9294 9320 6257 13727 317 11366 
2 6 6521 11444 3367 268 293 321 
3 8 6521 11505 9496 13741 3572 6595 552 9570 
3 7 6521 9428 478 514 6559 11432 469 
2 3 11505 3207 6282 
2 7 3207 537 6236 9387 9252 11260 11288 
1 7 9294 9264 9238 3522 6487 6582 3535 
3 4 506 479 6462 3283 
1 3 9570 3485 421 
3 3 6332 6402 3380 
2 3 9347 6257 6389 
2 5 3516 11519 6537 3488 9522 
3 4 11467 9511 6512 9570 
3 3 9496 3473 444 
3 3 6558 3532 444 
3 6 6558 17 3381 243 3295 6347 
2 6 348 395 9398 6375 9346 6347 
2 3 11288 334 389 
3 5 279 3324 389 362 9263 
1 6 11288 9306 9277 6309 6390 6282 
3 2 3324 3295 
2 4 243 279 11232 11260 
2 3 11232 388 6558 
3 4 479 11558 9532 17 
2 6 478 11415 3572 3438 9470 3460 
3 3 11558 9546 11428 
2 3 11232 17 3460 
1 3 417 11398 13749 
1 4 11413 11398 13748 11554 
3 2 6464 9567 
3 3 9532 3283 9570 
2 4 3379 13714 3359 11293 
2 6 11293 13709 3342 9310 11267 7394 
1 5 9303 11287 369 13712 11293 
1 2 9310 6313 
1 6 11293 7377 285 11237 7394 9405 
1 5 595 9597 6657 11600 11616 
1 6 512 3493 6688 3655 6651 3626 
2 6 383 3307 6412 9362 6345 9279 
2 11 383 6331 3286 3375 3063 6188 9209 9109 11082 161 6050 
2 9 11380 9393 6397 9406 9329 242 9410 9300 6345 
1 6 11215 11327 11160 6120 11376 9279 
1 4 383 6310 171 11151 
1 4 192 3145 6130 11060 
1 16 3111 11049 3162 11052 3039 11148 9141 11120 11069 3138 11 3003 11190 148 3054 11155 
1 3 3111 6038 3022 
1 7 3022 9139 11206 9227 11028 3021 6160 
1 7 122 6145 9170 3059 6080 144 9204 
3 3 3535 11481 6559 
2 7 6535 11233 11388 247 309 336 241 
1 4 6622 13726 11346 9281 
2 3 11531 9575 11470 
2 9 11404 9441 9471 6559 573 3514 11517 6534 552 
2 5 6488 3524 9547 3398 495 
2 8 11318 11360 336 309 3326 13837 6349 6325 
2 3 6570 13840 11494 
1 5 692 6693 9666 9655 6934 
2 5 3530 6542 6712 11640 9638 
2 2 9509 11388 
3 4 9379 9332 11270 351 
2 4 351 11299 11378 9392 
3 7 6384 6335 6399 11332 11218 6320 3273 
2 6 6979 11998 13951 9784 6843 883 
2 8 955 13948 851 3968 13952 13953 3901 12066 
2 9 9990 12066 13956 12098 13954 10027 9856 13950 11837 
2 7 7059 10074 3857 1156 13957 4159 4014 
2 2 6990 9930 
1 3 7096 4078 1173 
2 13 3878 9847 6909 9832 11830 3906 6732 3712 3732 7462 12459 1338 1282 
3 20 3878 6882 3863 6845 3824 6984 3957 873 3823 11841 3925 7045 7083 7138 4491 7527 1485 10394 638 12384 
2 8 3878 6911 3806 11665 10381 11662 7345 4345 
3 11 3957 6929 6823 9923 801 3975 7528 9760 9775 4601 4527 
2 9 9727 7547 6971 7588 7646 10343 11873 951 3957 
3 11 11654 734 3733 3702 9708 1436 9693 3806 908 3710 6732 
3 11 11654 6707 3687 882 6890 9825 3685 689 11637 9654 6713 
3 8 6713 11641 11685 9684 6769 11669 9724 9711 
3 6 9724 6710 11656 691 695 11641 
3 5 9711 722 11695 749 11654 
2 9 11695 3763 3775 6797 9580 11567 3605 6625 4270 
3 6 12149 7291 9601 4345 4270 3778 
2 6 4285 4342 1282 12221 10174 10320 
2 13 9601 4417 10320 7433 1284 12291 4362 7379 4432 1424 7304 7644 7361 
3 18 1866 1719 3699 10526 1760 926 9657 12357 9450 6713 9653 870 11791 3872 659 3853 6874 9808 
2 6 1866 4807 4664 10341 12456 12357 
3 4 1866 6752 10618 3719 
2 5 3719 1752 10709 4759 12603 
1 11 1752 4772 1836 12566 6722 1767 7880 4857 12585 4741 1736 
2 5 1866 9880 7536 12577 12646 
1 6 9880 1867 12667 12620 3750 1747 
2 23 9450 12312 11589 10478 7306 12418 11788 12646 12586 7852 3855 3613 4760 4723 10640 12561 12633 7888 12535 1789 10556 9616 12553 
2 10 9450 12368 6737 10393 7539 1586 1678 1770 10666 12646 
2 12 10341 1560 11589 6737 10339 1527 4590 7449 7607 12361 1564 9802 
2 10 9450 9682 7611 12497 10457 12305 7831 954 4402 12670 
1 5 9682 10461 4437 4531 1595 
2 4 9727 1445 4527 1595 
2 7 9727 12568 12709 6696 1881 10448 1595 
1 4 10717 1564 1534 2043 
2 10 10615 7797 4625 4540 4449 4569 1523 12365 4590 10393 
2 10 6696 6974 12670 12501 10824 10192 12735 7422 492 10520 
2 5 7797 7464 10753 1587 12735 
1 2 1646 7797 
2 8 1646 4444 12489 12458 7485 5001 9829 3960 
3 21 6845 6869 11785 9804 847 3850 880 11800 9808 827 6855 11760 11776 831 9796 1595 12437 1604 7626 12305 4569 
2 2 9829 6968 
2 6 7552 1453 10449 10410 4510 1646 
1 9 4464 7668 7480 10520 10352 10380 10407 12325 12498 
2 3 7552 7524 4464 
1 8 12735 12803 968 10909 7791 913 1582 9727 
2 17 1843 9834 10489 866 12439 1572 12381 1433 12470 10492 12384 5090 10909 1758 10281 10824 10615 
2 3 7388 1584 1572 
2 8 12381 1480 11975 1547 7202 10047 11927 7083 
2 12 9671 9637 3840 986 6881 11859 9814 11757 823 7986 10783 3834 
2 2 4865 10662 
3 7 9814 9855 9911 4518 6876 6694 6699 
3 12 9671 3678 6699 9713 710 10422 4736 7827 7756 1663 10582 4865 
2 7 9713 11658 677 6681 6757 9730 610 
1 3 11757 7517 1562 
1 10 12553 7865 12183 3513 10271 7386 7315 10157 4428 1408 
2 9 10582 12535 10672 1736 6742 3781 4778 10687 7865 
1 9 11757 11795 12303 4657 4799 7879 12573 10651 4865 
3 7 4865 4668 1756 6887 1658 868 12627 
1 4 6887 7684 7999 9792 
3 5 12627 10588 1827 7780 4723 
1 3 12627 10642 4975 
1 9 9713 9697 3588 6665 3471 10151 528 4328 3513 
2 2 7888 10582 
3 11 12627 1809 12570 4814 12024 7892 1352 7834 10717 12361 1621 
3 16 1658 1827 12642 12570 4871 10532 1753 12513 4757 10391 7607 12365 10457 12697 4508 12437 
2 5 7852 3708 10676 4757 1352 
2 10 10337 10504 10861 3960 2082 8025 6803 1618 1806 9802 
2 17 10861 7981 1915 12301 9773 10867 12684 4975 1972 6897 12765 11814 4727 12303 10387 10483 9814 
1 3 10337 12341 1927 
2 14 8070 10867 12893 3972 10702 10798 5103 1618 2043 4567 10370 12463 1621 4569 
1 4 4727 8115 853 7747 
1 7 12893 9908 12624 4586 10340 4740 7892 
2 3 3513 12211 4380 
1 13 7315 12214 10327 1690 1832 4838 1854 11712 10593 10624 4863 7883 4759 
1 4 4778 12673 4747 10327 
1 4 11975 10437 7612 10492 
2 6 7202 10029 7527 4653 7643 7791 
2 10 788 6943 11783 7045 10081 10096 10495 7643 9967 5090 
1 4 11975 10465 3994 7527 
2 3 788 11738 3925 
2 2 865 11738 
1 5 4464 1615 12429 4622 1587 
1 6 7480 4756 7422 11509 9996 12384 
1 5 4756 12429 8110 11717 10753 
2 6 9727 4452 11890 4601 11776 11791 
1 10 12429 4565 10410 1559 4522 12401 4577 805 10504 12341 
2 12 1480 12470 12498 860 11509 4594 12803 5059 10281 8083 4988 12709 
2 3 12381 12353 10407 
1 12 1408 4413 1858 7853 4343 4877 4765 7787 10684 11440 10611 12603 
1 11 7853 1737 7761 1347 6754 3010 515 6726 9669 4739 10611 
1 18 4739 3481 12663 12593 3721 12688 4872 4426 4875 1769 7899 4775 10718 1782 4869 1299 9480 6510 
1 4 12603 1788 1848 3721 
2 16 3778 3635 3661 9634 6676 6510 9467 12278 12582 602 777 10718 7794 13094 11571 4875 
1 4 12505 7758 12698 7788 
1 5 4799 12425 4521 4607 10422 
1 6 9911 941 10387 1651 7667 4521 
2 5 3732 6719 10481 10230 4417 
2 4 6732 715 718 3806 
1 6 9832 3710 715 3715 733 3732 
1 9 9847 9850 908 718 9675 4445 7629 7289 7345 
1 4 3824 9786 6892 3917 
2 9 3687 9662 6899 3880 702 11817 862 3897 11660 
2 4 3880 11648 9664 11654 
2 9 3702 11650 3697 11817 6885 9804 3847 822 6984 
1 7 3878 3894 706 11660 6717 3702 3747 
1 7 3733 3747 6795 6778 598 3602 11662 
2 8 6882 3693 891 3897 894 11650 11680 9664 
1 9 10233 11731 6782 11685 695 11637 870 9810 9796 
3 11 11656 689 11791 9810 7551 4531 1655 720 12497 1527 10393 
1 4 4567 4597 10477 12489 
1 7 913 9779 7558 1506 10343 3823 865 
2 4 3925 11783 12054 1132 
2 2 7083 12054 
1 9 638 7118 3994 10029 7012 7134 11927 10051 1132 
2 4 492 860 7583 12384 
2 4 3719 1870 4790 4872 
1 6 9657 4166 4834 7829 4029 3699 
2 9 149 11068 9197 70 11059 9190 6057 90 11159 
1 8 94 9045 9055 11038 3092 9248 6102 11171 
1 3 11171 312 3338 
1 4 3121 9123 11085 11030 
1 2 11175 3071 
1 3 11159 2994 9078 
1 15 158 120 82 9233 11079 6146 3185 6210 9061 3030 3187 6052 9176 9078 40 
1 19 11097 95 3089 11109 9212 11191 110 9111 9177 11084 150 3143 3077 6101 121 3220 3116 6135 6358 
2 7 3151 6174 11032 9098 3053 11097 11202 
1 5 9197 9164 3072 117 11109 
1 6 104 11186 9097 6174 79 11068 
1 7 11202 9408 9120 3120 181 11080 9097 
2 8 11174 6095 3072 6197 11032 181 13855 13781 
2 8 3219 6326 6249 9323 11241 11353 3247 306 
1 7 207 9254 11304 9319 3089 11072 11139 
2 11 187 9333 3321 9242 3344 9287 354 6293 387 9386 6249 
2 5 207 387 323 11241 11220 
1 4 3331 9289 3378 6373 
2 15 525 11557 13891 6532 13886 13871 546 9288 6344 6373 3350 386 216 360 11370 
2 11 9355 9384 6411 3335 3390 398 371 11325 11298 9342 9288 
1 10 9680 9677 9718 3722 568 737 13866 11683 11546 6597 
2 15 11670 9698 11703 6597 409 458 13896 488 9491 9519 3584 9437 11489 13902 13886 
2 19 9417 9430 6493 6474 3466 3449 472 453 11437 13898 9433 6478 13897 13896 13893 3494 504 13868 525 
2 12 13882 13881 501 13880 418 3531 6530 502 3479 6505 9446 11434 
2 12 3686 13321 705 6724 9718 6771 11700 6596 11405 453 11452 3531 
2 5 6420 6776 6474 6493 9446 
1 4 6776 429 3767 6596 
2 15 3466 486 11461 3531 3508 6578 511 3557 13901 13905 6605 9437 13892 13904 11557 
2 10 429 3399 11405 11422 9419 11561 6451 13897 3468 6495 
2 4 476 9481 11490 504 
1 6 9435 6480 9451 11424 11438 13893 
1 13 11259 9353 207 11234 9287 3235 6264 11349 11326 366 9302 11282 6380 
1 4 3310 3333 11259 3219 
2 17 6414 9348 6290 6396 6262 3292 11242 11368 9355 9328 9260 3580 558 3492 6517 9449 418 
2 5 6414 3391 11282 3259 6283 
2 4 6414 301 9378 6283 
2 13 6290 9395 9266 9313 3250 3376 356 3291 9579 534 11500 13878 13877 
2 6 11475 473 6432 13877 11541 9531 
2 12 6248 6409 3360 6353 3304 3465 9422 471 3566 6428 6553 3527 
1 6 413 6477 9579 3554 457 3580 
1 7 306 3210 11336 6305 3390 3364 3306 
1 14 11235 3345 352 6243 11336 3278 11230 9247 6233 9289 342 6292 386 11313 
2 10 3580 580 9542 13882 6565 9477 6508 11489 6458 13891 
1 6 9477 9566 3225 288 3306 3335 
1 8 6373 3293 3203 6232 6556 11477 6593 11514 
2 4 3511 9533 11464 11490 
1 7 525 3543 9568 9466 11477 9493 535 
1 4 11683 574 6211 6451 
1 16 6283 11236 6346 9144 6203 3143 3035 11131 93 11093 194 9060 3110 6095 9164 11068 
1 2 176 86 
2 3 11139 6197 6174 
2 11 3187 6150 3050 11162 9206 9100 13323 11328 13849 13989 3151 
1 3 9150 9105 3050 
2 7 9167 67 9073 13746 11056 6082 9206 
2 5 6066 3083 9194 6108 11105 
2 4 11211 6108 9129 6144 
2 11 3122 6013 9038 6138 6047 3025 13853 3137 9167 6144 11105 
1 11 3149 11079 3125 9104 11141 136 11043 165 13851 13746 204 
1 5 3193 11125 11164 11081 158 
1 4 11125 124 6087 11204 
1 4 11132 132 6078 9104 
1 3 169 32 13853 
2 9 11126 6013 11065 3172 9156 11132 6081 6212 158 
1 18 11248 269 9376 3257 6284 9276 11262 6391 324 11373 6337 9338 11319 6404 339 11281 298 227 
2 19 11243 11292 9354 392 9338 6302 6226 6394 6366 3316 326 3477 483 3578 6539 9475 6506 6602 3582 
1 10 3529 9504 3505 3489 509 484 11450 13872 9461 6505 
1 19 3529 3555 3582 579 487 9502 11512 3566 11436 9312 9339 6369 6398 3346 356 328 11337 11310 9355 
1 11 3529 498 11447 9442 11400 3443 3417 775 6781 3765 3752 
1 5 11559 585 426 6417 3417 
2 16 3682 3672 13352 9647 6733 6718 11633 11678 9694 735 11681 6768 3765 9744 585 9417 
2 6 6741 11729 3734 3752 765 9744 
1 2 765 6783 
1 8 9739 9722 11727 9688 9726 9709 6768 3734 
1 7 735 6738 3717 3698 9663 13862 11617 
1 8 12128 12298 1210 1406 4261 10224 7281 4411 
2 5 1233 12157 7401 4411 10256 
1 12 4333 4232 10239 4281 7326 4309 1276 12115 10312 10168 7429 4411 
1 2 7639 10671 
2 5 9292 7285 12584 307 1821 
2 3 307 12106 1292 
1 3 10314 10136 10142 
1 12 6166 11074 6199 6088 6193 9213 186 108 3155 1295 10579 7712 
2 10 301 11362 6316 378 280 357 3347 6295 9389 11375 
1 15 9214 6191 9050 9172 6149 3245 270 9368 11375 3303 11344 11394 11262 11309 6248 
1 8 11239 6358 9267 6269 11338 9356 9278 9378 
1 6 13322 4660 9715 11704 12434 1536 
1 2 12434 4473 
1 6 9461 9476 523 570 13876 13877 
1 2 13352 9628 
2 2 13351 9647 
1 2 748 9688 
2 10 3117 3009 6047 9160 9056 9163 136 37 139 3050 
1 4 3137 13852 13854 3083 
1 2 32 3117 
1 3 9150 13850 13989 
1 2 67 6009 
1 2 13746 3161 
1 7 9098 11072 117 71 6035 3110 11174 
1 4 6038 9132 6173 107 
1 4 9227 6114 3093 9216 
1 5 6115 9204 11029 6151 9036 
1 3 11151 11184 6115 
1 7 383 295 11070 69 6028 11114 3141 
1 9 11091 3045 11147 11040 9151 205 130 6126 11148 
1 16 6050 9149 3182 11091 9117 49 9051 11209 11123 3108 6126 6063 11185 118 11067 6132 
1 3 9151 9035 11123 
1 10 118 9093 3100 6161 6024 3104 9186 6125 9147 201 
1 6 6165 9186 9226 11155 3095 11060 
1 2 3104 9108 
1 2 6161 9143 
1 3 9093 6200 3138 
1 9 3162 6129 113 9148 6147 9182 77 13751 6123 
1 6 9182 3070 9218 3141 9054 3063 
1 7 171 11070 295 6331 6406 3386 3307 
1 3 11114 9138 179 
1 7 179 3136 6042 11113 111 3183 9139 
1 4 179 6160 11078 6115 
1 5 6115 9103 9157 3021 3136 
1 4 3229 6148 11289 9393 
1 3 9410 9251 3386 
1 4 11215 329 363 242 
1 2 6120 9300 
1 7 9054 6164 6084 9185 35 11163 9149 
1 7 6397 6311 9209 9185 3106 9193 9117 
1 6 6147 9173 156 11197 3106 35 
1 8 3141 11044 114 11197 156 3148 49 3045 
2 3 13857 13858 3653 
1 9 10224 7313 4394 10253 4254 1247 12235 11591 9453 
1 5 6729 3724 3701 13315 6727 
1 5 13727 3231 13728 13841 332 
1 6 526 6218 9238 11359 9456 375 
1 3 665 6672 11627 
1 10 546 13903 9506 3542 6508 11425 463 13905 559 6495 
2 8 11561 6423 13898 11437 9463 9479 3508 9556 
2 4 9419 11715 13873 13866 
1 7 6495 11504 3557 13900 11397 9556 418 
1 5 3225 238 13888 11229 11298 
1 3 9542 11553 288 
1 3 472 429 9571 
1 6 3331 6354 289 11230 11383 371 
2 6 6474 3479 3491 9531 6554 418 
2 6 6505 6519 11487 11541 3409 418 
1 7 3409 13879 6517 3492 6481 3520 13881 
1 3 6415 13864 9520 
2 7 9263 334 279 3381 11515 493 9508 
2 6 13214 3586 11532 3482 9400 3544 
2 3 9508 11492 3544 
1 5 9508 548 3230 3295 3380 
2 5 9400 11492 548 6401 3295 
3 4 9570 3510 3460 6558 
1 3 11260 9306 9361 
2 8 9263 11343 11372 9361 9334 6309 9387 388 
1 5 6332 11245 6375 3351 3380 
1 4 3296 3194 13912 6342 
1 6 11507 562 3458 12562 524 11385 
3 5 6562 421 11511 557 6739 
1 3 11679 9690 9537 
1 3 9414 6576 3484 
1 3 6716 3713 6751 
2 2 9483 6342 
2 3 11291 9501 3388 
1 4 3388 13309 9485 415 
1 2 9317 10493 
1 8 11976 12455 2027 5099 10835 7934 4981 5037 
1 3 7989 13465 4963 
1 8 10795 1914 12862 13472 13470 2088 13463 13462 
1 6 2050 13652 13653 1932 1969 10758 
1 6 1969 4938 8021 4889 1992 8034 
1 4 13600 10858 1929 12907 
1 3 1141 11953 12051 
1 7 7132 4150 7008 7149 12018 7958 4933 
2 8 6257 11331 11305 11276 268 3258 3312 3207 
1 7 6555 9557 11417 13759 13116 482 6524 
2 3 389 13742 3380 
3 10 3501 11446 13918 13917 9458 6489 13705 11471 6221 6270 
3 10 6103 13914 13922 13707 13924 6270 13927 3301 3205 6384 
1 2 11406 9562 
3 6 13914 9239 11471 13926 3369 9484 
3 4 6103 13915 13706 13918 
3 10 13915 13921 507 13705 6351 9484 9562 13920 3463 540 
2 3 13706 13070 3501 
2 3 13070 13916 6103 
3 3 13919 6351 13926 
3 5 6384 6318 9379 9269 11297 
3 8 13707 6221 13925 3369 6378 377 407 11361 
2 4 9458 507 9239 13707 
1 3 13925 11471 507 
2 3 6378 7239 13927 
2 5 3301 6301 3241 253 377 
2 3 6378 13925 6270 
2 4 13927 11345 13711 6318 
2 4 3301 9297 7239 13925 
1 2 3241 9297 
2 5 6318 6237 13928 11279 6270 
1 5 322 3287 296 9268 13924 
3 12 11332 9285 9397 6268 9379 9315 11382 364 9268 13923 11221 13914 
2 3 9562 3422 6351 
1 3 11332 219 351 
2 4 11136 3150 159 9383 
1 3 159 6385 284 
2 5 3150 11306 9161 3159 13717 
1 3 3178 6104 3159 
3 3 3273 9383 9392 
2 4 3379 3329 276 385 
1 5 11218 9350 9237 6395 3273 
1 2 9237 6350 
2 2 6320 9392 
1 4 3205 9364 6363 13710 
2 2 11279 9268 
2 3 11345 13928 11382 
2 3 221 11253 13923 
1 2 11253 296 
2 3 6504 3536 575 
2 2 11563 6569 
1 4 3273 6385 11161 9075 
1 9 385 11257 11371 9255 9303 3396 6313 6289 6405 
1 3 369 11238 11371 
1 5 3342 303 369 11303 11257 
1 3 11303 13713 13714 
1 3 13714 385 13715 
3 2 10536 12545 
2 3 3336 13937 1616 
1 3 9907 910 9750 
1 3 6606 6985 1616 
1 4 13945 6946 9907 1616 
3 12 9904 13943 11751 6862 6875 11833 13938 13945 3336 6973 13936 6788 
2 2 9784 13950 
1 3 9826 11803 883 
1 2 782 11889 
1 2 13969 11919 
2 2 13962 1108 
1 10 7159 4125 12407 1023 10404 7095 10431 12436 4532 10616 
1 4 4173 1125 7174 9944 
2 4 4173 4105 1099 11913 
1 8 934 6898 3814 814 881 13971 6969 9843 
1 2 11836 4514 
2 8 3393 3366 13987 6340 406 9341 358 3219 
